#Bank 1: GSAS-II instrument parameter file; do not add/delete items!
fltPath:21.50
Bank:1.0
sig-1:284.918000
2-theta:122.0
sig-q:0.0
sig-0:0.0
sig-2:119.951
beta-1:0.00001
Zero:4.840
difC:9496.1700
X:0.0
Azimuth:0.0
Y:0.0
alpha:0.167
beta-q:0.0
beta-0:0.274811
Type:PNT
difB:0.0
difA:19.21
